[scrollbar_colors]
scrollbar_bg_hovered=0.10854412615299|0.77423101663589|0.87610620260239|0.40000000596046
scrollbar_cursor=0.99998998641968|0.99999618530273|1|1
scrollbar_cursor_active=0.89004611968994|1|0.044247806072235|1
scrollbar_bg_active=0.20353990793228|1|0.044247806072235|0.6700000166893
scrollbar_bg=0.15576788783073|0.15719957649708|0.1592920422554|0.54000002145767
[values]
font_name=arialbd.ttf
line_count=15
font_size=15
[other_colors]
chat_bg=0.48627451062202|0.48627451062202|0.48627451062202|0
input_bg=0.12334559857845|0.12358379364014|0.12389379739761|0.54000002145767
